              precision    recall  f1-score   support

    airplane     0.8696    0.8000    0.8333       100
        bird     0.6300    0.6300    0.6300       100
         car     0.8913    0.8200    0.8542       100
         cat     0.5607    0.6000    0.5797       100
        deer     0.6893    0.7100    0.6995       100
         dog     0.5181    0.4300    0.4699       100
       horse     0.7404    0.7700    0.7549       100
      monkey     0.6036    0.6700    0.6351       100
        ship     0.8681    0.7900    0.8272       100
       truck     0.7265    0.8500    0.7834       100

    accuracy                         0.7070      1000
   macro avg     0.7098    0.7070    0.7067      1000
weighted avg     0.7098    0.7070    0.7067      1000
