              precision    recall  f1-score   support

    airplane     0.8058    0.8300    0.8177       100
        bird     0.6429    0.6300    0.6364       100
         car     0.8404    0.7900    0.8144       100
         cat     0.5041    0.6200    0.5561       100
        deer     0.6771    0.6500    0.6633       100
         dog     0.4956    0.5600    0.5258       100
       horse     0.7556    0.6800    0.7158       100
      monkey     0.6593    0.6000    0.6283       100
        ship     0.8022    0.7300    0.7644       100
       truck     0.7327    0.7400    0.7363       100

    accuracy                         0.6830      1000
   macro avg     0.6916    0.6830    0.6858      1000
weighted avg     0.6916    0.6830    0.6858      1000
