              precision    recall  f1-score   support

    airplane     0.8218    0.8300    0.8259       100
        bird     0.6383    0.6000    0.6186       100
         car     0.8404    0.7900    0.8144       100
         cat     0.5118    0.6500    0.5727       100
        deer     0.7363    0.6700    0.7016       100
         dog     0.5196    0.5300    0.5248       100
       horse     0.7196    0.7700    0.7440       100
      monkey     0.6593    0.6000    0.6283       100
        ship     0.8313    0.6900    0.7541       100
       truck     0.7000    0.7700    0.7333       100

    accuracy                         0.6900      1000
   macro avg     0.6978    0.6900    0.6918      1000
weighted avg     0.6978    0.6900    0.6918      1000
