              precision    recall  f1-score   support

    airplane     0.7946    0.8900    0.8396       100
        bird     0.7228    0.7300    0.7264       100
         car     0.8600    0.8600    0.8600       100
         cat     0.6449    0.6900    0.6667       100
        deer     0.8041    0.7800    0.7919       100
         dog     0.5794    0.6200    0.5990       100
       horse     0.8721    0.7500    0.8065       100
      monkey     0.7000    0.7000    0.7000       100
        ship     0.9643    0.8100    0.8804       100
       truck     0.8491    0.9000    0.8738       100

    accuracy                         0.7730      1000
   macro avg     0.7791    0.7730    0.7744      1000
weighted avg     0.7791    0.7730    0.7744      1000
