              precision    recall  f1-score   support

    airplane     0.8812    0.8900    0.8856       100
        bird     0.7453    0.7900    0.7670       100
         car     0.9192    0.9100    0.9146       100
         cat     0.7684    0.7300    0.7487       100
        deer     0.8511    0.8000    0.8247       100
         dog     0.6239    0.7300    0.6728       100
       horse     0.8804    0.8100    0.8438       100
      monkey     0.7879    0.7800    0.7839       100
        ship     0.9444    0.8500    0.8947       100
       truck     0.8318    0.8900    0.8599       100

    accuracy                         0.8180      1000
   macro avg     0.8234    0.8180    0.8196      1000
weighted avg     0.8234    0.8180    0.8196      1000
