              precision    recall  f1-score   support

    airplane     0.8713    0.8800    0.8756       100
        bird     0.7431    0.8100    0.7751       100
         car     0.9560    0.8700    0.9110       100
         cat     0.7320    0.7100    0.7208       100
        deer     0.8387    0.7800    0.8083       100
         dog     0.6400    0.6400    0.6400       100
       horse     0.8690    0.7300    0.7935       100
      monkey     0.6538    0.8500    0.7391       100
        ship     0.9341    0.8500    0.8901       100
       truck     0.8846    0.9200    0.9020       100

    accuracy                         0.8040      1000
   macro avg     0.8123    0.8040    0.8055      1000
weighted avg     0.8123    0.8040    0.8055      1000
