              precision    recall  f1-score   support

    airplane     0.8558    0.8900    0.8725       100
        bird     0.7273    0.7200    0.7236       100
         car     0.8842    0.8400    0.8615       100
         cat     0.7700    0.7700    0.7700       100
        deer     0.8200    0.8200    0.8200       100
         dog     0.6893    0.7100    0.6995       100
       horse     0.8416    0.8500    0.8458       100
      monkey     0.7917    0.7600    0.7755       100
        ship     0.9053    0.8600    0.8821       100
       truck     0.8411    0.9000    0.8696       100

    accuracy                         0.8120      1000
   macro avg     0.8126    0.8120    0.8120      1000
weighted avg     0.8126    0.8120    0.8120      1000
