              precision    recall  f1-score   support

    airplane     0.8252    0.8500    0.8374       100
        bird     0.6117    0.6300    0.6207       100
         car     0.8500    0.8500    0.8500       100
         cat     0.5124    0.6200    0.5611       100
        deer     0.7609    0.7000    0.7292       100
         dog     0.5169    0.4600    0.4868       100
       horse     0.7551    0.7400    0.7475       100
      monkey     0.6700    0.6700    0.6700       100
        ship     0.9412    0.8000    0.8649       100
       truck     0.7706    0.8400    0.8038       100

    accuracy                         0.7160      1000
   macro avg     0.7214    0.7160    0.7171      1000
weighted avg     0.7214    0.7160    0.7171      1000
