              precision    recall  f1-score   support

    airplane     0.7714    0.8100    0.7902       100
        bird     0.6098    0.5000    0.5495       100
         car     0.7558    0.6500    0.6989       100
         cat     0.4050    0.4900    0.4434       100
        deer     0.6049    0.4900    0.5414       100
         dog     0.3856    0.5900    0.4664       100
       horse     0.5934    0.5400    0.5654       100
      monkey     0.4815    0.3900    0.4309       100
        ship     0.7471    0.6500    0.6952       100
       truck     0.6195    0.7000    0.6573       100

    accuracy                         0.5810      1000
   macro avg     0.5974    0.5810    0.5839      1000
weighted avg     0.5974    0.5810    0.5839      1000
