              precision    recall  f1-score   support

    airplane     0.8286    0.8700    0.8488       100
        bird     0.6082    0.5900    0.5990       100
         car     0.9043    0.8500    0.8763       100
         cat     0.5607    0.6000    0.5797       100
        deer     0.6957    0.6400    0.6667       100
         dog     0.4731    0.4400    0.4560       100
       horse     0.7957    0.7400    0.7668       100
      monkey     0.5932    0.7000    0.6422       100
        ship     0.8542    0.8200    0.8367       100
       truck     0.7619    0.8000    0.7805       100

    accuracy                         0.7050      1000
   macro avg     0.7076    0.7050    0.7053      1000
weighted avg     0.7076    0.7050    0.7053      1000
