              precision    recall  f1-score   support

    airplane     0.7576    0.7500    0.7538       100
        bird     0.3636    0.5200    0.4280       100
         car     0.7391    0.6800    0.7083       100
         cat     0.4521    0.3300    0.3815       100
        deer     0.4621    0.6100    0.5259       100
         dog     0.3933    0.3500    0.3704       100
       horse     0.5577    0.5800    0.5686       100
      monkey     0.4699    0.3900    0.4262       100
        ship     0.6577    0.7300    0.6919       100
       truck     0.7162    0.5300    0.6092       100

    accuracy                         0.5470      1000
   macro avg     0.5569    0.5470    0.5464      1000
weighted avg     0.5569    0.5470    0.5464      1000
