              precision    recall  f1-score   support

    airplane     0.7401    0.7475    0.7438       800
        bird     0.4794    0.4650    0.4721       800
         car     0.7000    0.7262    0.7129       800
         cat     0.3810    0.3762    0.3786       800
        deer     0.4927    0.5050    0.4988       800
         dog     0.3369    0.3538    0.3451       800
       horse     0.5738    0.5587    0.5662       800
      monkey     0.4474    0.4575    0.4524       800
        ship     0.7266    0.7175    0.7220       800
       truck     0.6195    0.5800    0.5991       800

    accuracy                         0.5487      8000
   macro avg     0.5497    0.5488    0.5491      8000
weighted avg     0.5497    0.5487    0.5491      8000
