              precision    recall  f1-score   support

    airplane     0.7723    0.7800    0.7761       100
        bird     0.4839    0.4500    0.4663       100
         car     0.8101    0.6400    0.7151       100
         cat     0.3883    0.4000    0.3941       100
        deer     0.4672    0.5700    0.5135       100
         dog     0.4245    0.4500    0.4369       100
       horse     0.5773    0.5600    0.5685       100
      monkey     0.4568    0.3700    0.4088       100
        ship     0.7053    0.6700    0.6872       100
       truck     0.5691    0.7000    0.6278       100

    accuracy                         0.5590      1000
   macro avg     0.5655    0.5590    0.5594      1000
weighted avg     0.5655    0.5590    0.5594      1000
