              precision    recall  f1-score   support

    airplane     0.8750    0.9100    0.8922       100
        bird     0.8235    0.7000    0.7568       100
         car     0.8911    0.9000    0.8955       100
         cat     0.7407    0.8000    0.7692       100
        deer     0.8454    0.8200    0.8325       100
         dog     0.6667    0.6800    0.6733       100
       horse     0.8636    0.7600    0.8085       100
      monkey     0.6500    0.7800    0.7091       100
        ship     0.9362    0.8800    0.9072       100
       truck     0.9010    0.9100    0.9055       100

    accuracy                         0.8140      1000
   macro avg     0.8193    0.8140    0.8150      1000
weighted avg     0.8193    0.8140    0.8150      1000
