              precision    recall  f1-score   support

    airplane     0.8333    0.8000    0.8163       100
        bird     0.6000    0.6300    0.6146       100
         car     0.8936    0.8400    0.8660       100
         cat     0.5766    0.6400    0.6066       100
        deer     0.7000    0.7000    0.7000       100
         dog     0.5319    0.5000    0.5155       100
       horse     0.7872    0.7400    0.7629       100
      monkey     0.6800    0.6800    0.6800       100
        ship     0.8636    0.7600    0.8085       100
       truck     0.7458    0.8800    0.8073       100

    accuracy                         0.7170      1000
   macro avg     0.7212    0.7170    0.7178      1000
weighted avg     0.7212    0.7170    0.7178      1000
