              precision    recall  f1-score   support

    airplane     0.8218    0.8300    0.8259       100
        bird     0.6136    0.5400    0.5745       100
         car     0.8295    0.7300    0.7766       100
         cat     0.4221    0.6500    0.5118       100
        deer     0.7283    0.6700    0.6979       100
         dog     0.5161    0.4800    0.4974       100
       horse     0.7582    0.6900    0.7225       100
      monkey     0.6064    0.5700    0.5876       100
        ship     0.7600    0.7600    0.7600       100
       truck     0.7374    0.7300    0.7337       100

    accuracy                         0.6650      1000
   macro avg     0.6793    0.6650    0.6688      1000
weighted avg     0.6793    0.6650    0.6688      1000
