              precision    recall  f1-score   support

    airplane     0.8817    0.8200    0.8497       100
        bird     0.6290    0.7800    0.6964       100
         car     0.8350    0.8600    0.8473       100
         cat     0.6408    0.6600    0.6502       100
        deer     0.7300    0.7300    0.7300       100
         dog     0.6104    0.4700    0.5311       100
       horse     0.7957    0.7400    0.7668       100
      monkey     0.6436    0.6500    0.6468       100
        ship     0.8636    0.7600    0.8085       100
       truck     0.7288    0.8600    0.7890       100

    accuracy                         0.7330      1000
   macro avg     0.7359    0.7330    0.7316      1000
weighted avg     0.7359    0.7330    0.7316      1000
