              precision    recall  f1-score   support

    airplane     0.8857    0.9300    0.9073       100
        bird     0.7573    0.7800    0.7685       100
         car     0.9479    0.9100    0.9286       100
         cat     0.6923    0.8100    0.7465       100
        deer     0.8163    0.8000    0.8081       100
         dog     0.7375    0.5900    0.6556       100
       horse     0.7864    0.8100    0.7980       100
      monkey     0.7157    0.7300    0.7228       100
        ship     0.9348    0.8600    0.8958       100
       truck     0.9038    0.9400    0.9216       100

    accuracy                         0.8160      1000
   macro avg     0.8178    0.8160    0.8153      1000
weighted avg     0.8178    0.8160    0.8153      1000
