              precision    recall  f1-score   support

    airplane     0.8350    0.8600    0.8473       100
        bird     0.6019    0.6200    0.6108       100
         car     0.8252    0.8500    0.8374       100
         cat     0.5941    0.6000    0.5970       100
        deer     0.7766    0.7300    0.7526       100
         dog     0.5149    0.5200    0.5174       100
       horse     0.7143    0.7500    0.7317       100
      monkey     0.6465    0.6400    0.6432       100
        ship     0.9103    0.7100    0.7978       100
       truck     0.7345    0.8300    0.7793       100

    accuracy                         0.7110      1000
   macro avg     0.7153    0.7110    0.7115      1000
weighted avg     0.7153    0.7110    0.7115      1000
