              precision    recall  f1-score   support

    airplane     0.8318    0.8900    0.8599       100
        bird     0.5780    0.6300    0.6029       100
         car     0.8673    0.8500    0.8586       100
         cat     0.5843    0.5200    0.5503       100
        deer     0.6916    0.7400    0.7150       100
         dog     0.5000    0.4500    0.4737       100
       horse     0.7959    0.7800    0.7879       100
      monkey     0.5750    0.6900    0.6273       100
        ship     0.8941    0.7600    0.8216       100
       truck     0.8144    0.7900    0.8020       100

    accuracy                         0.7100      1000
   macro avg     0.7132    0.7100    0.7099      1000
weighted avg     0.7132    0.7100    0.7099      1000
